728109.0 -0.3
728139.0 0.36
728169.0 -0.11
728199.0 0.24
728229.0 -0.52
728259.0 0.36
728289.0 -0.26
728379.0 -0.08
728469.0 -0.034999999999999976
728499.0 -0.21285714285714288
728529.0 -0.245
728559.0 0.18050000000000002
728589.0 0.039999999999999994
728619.0 0.009999999999999995
728679.0 -0.3
728769.0 0.06999999999999999
728799.0 -0.38
728859.0 -0.16999999999999996
728889.0 0.08
728919.0 -0.2
728979.0 -0.039999999999999994
729009.0 -0.16
729039.0 -0.14
729069.0 -0.29
729129.0 -0.25
729159.0 0.09999999999999999
729219.0 -0.31
729249.0 -0.46499999999999997
729279.0 0.39
729309.0 0.039999999999999994
729339.0 0.33
729369.0 0.21000000000000002
729429.0 0.09000000000000001
729459.0 -0.2
729519.0 -0.38
729549.0 -0.47
729579.0 -0.07
729609.0 0.08250000000000002
729639.0 0.04928571428571429
729669.0 -0.05541666666666666
729699.0 0.02500000000000001
729729.0 -0.1
729759.0 0.15000000000000002
729789.0 -0.27
729819.0 -0.37
729849.0 0.25
729879.0 0.34
729909.0 -0.26
729939.0 -0.009999999999999995
729969.0 0.21000000000000002
730029.0 0.0
730059.0 0.030000000000000013
730089.0 -0.42
730119.0 -0.22
730179.0 -0.2
730209.0 -0.59
730239.0 -0.020000000000000004
730269.0 -0.38
730299.0 -0.21000000000000002
730389.0 -0.22
730419.0 0.07500000000000001
730449.0 0.15000000000000002
730509.0 0.039999999999999994
730539.0 -0.5700000000000001
730599.0 0.22000000000000003
730659.0 -0.27
730719.0 -0.009999999999999995
730749.0 0.0
730809.0 0.25
730839.0 0.039999999999999994
730869.0 -0.47
730899.0 -0.24
730929.0 0.42000000000000004
730959.0 -0.44
731019.0 -0.09
731049.0 -0.08
731109.0 0.22333333333333336
731169.0 0.36
731229.0 -0.05
731259.0 0.24
731289.0 -0.43
731319.0 -0.82
731349.0 0.47
731379.0 -0.55
731439.0 -0.039999999999999994
731469.0 -0.33
731499.0 -0.72
731529.0 -0.25
731589.0 -0.2
731679.0 -0.53
731709.0 -0.41
731739.0 0.39
731799.0 -0.3
731829.0 -0.42
731949.0 0.32
731979.0 -0.45999999999999996
732039.0 -0.06666666666666667
732069.0 -0.2
732099.0 0.09999999999999999
732129.0 -0.64
732219.0 0.42000000000000004
732249.0 0.32
732309.0 -0.51
732369.0 0.52
732399.0 -0.09
732429.0 0.47
732489.0 0.24
732519.0 0.16000000000000003
732549.0 0.11333333333333333
732579.0 0.13
732609.0 -0.45999999999999996
732669.0 -0.39999999999999997
732699.0 -0.06
732729.0 -0.19
732759.0 -0.31
732819.0 0.06999999999999999
732849.0 -0.06
732909.0 -0.18
732939.0 -0.59
732969.0 -0.24
732999.0 -0.03
733029.0 -0.21000000000000002
733089.0 -0.6
733119.0 -0.5
733149.0 -0.45
733209.0 -0.15
733299.0 -0.09
733329.0 -0.62
733359.0 -0.07
733389.0 -0.43
733449.0 -0.36
733539.0 -0.32
733569.0 -0.19
733599.0 -0.5
733659.0 -0.26
733689.0 0.2
733719.0 0.2
733989.0 0.034999999999999996
734019.0 -0.11
734049.0 0.0
734109.0 -0.56
734139.0 -0.32
734169.0 -0.47
734229.0 -0.11999999999999994
734289.0 0.11
734319.0 -0.52
734379.0 0.020000000000000004
734409.0 0.16000000000000003
734439.0 0.23000000000000004
734529.0 -0.49
734559.0 0.17000000000000004
734619.0 0.3
734649.0 -0.5700000000000001
734679.0 0.32
734709.0 -0.22999999999999998
734739.0 -0.66
734769.0 -0.18
734799.0 -0.16
734859.0 -0.18
734889.0 0.14
734919.0 0.31
735009.0 -0.009999999999999995
735039.0 -0.45
735069.0 -0.14
735129.0 0.06000000000000001
735159.0 -0.14
735189.0 -0.25
735219.0 -0.16999999999999998
735249.0 -0.06
735309.0 0.16000000000000003
735369.0 -0.07
735399.0 -0.38
735459.0 0.024999999999999994
735519.0 -0.11
735549.0 0.21000000000000002
735609.0 -0.31
735699.0 -0.19
735789.0 -0.59
735819.0 0.34
735849.0 0.09999999999999999
735879.0 -0.25
735939.0 -0.37
736029.0 0.020000000000000004
736059.0 -0.020000000000000004
736089.0 0.09000000000000001
736119.0 0.31
736149.0 0.09000000000000001
736179.0 -0.54
736209.0 -0.54
736239.0 -0.25166666666666665
736269.0 0.43000000000000005
736299.0 0.039999999999999994
736329.0 -0.22999999999999998
736389.0 0.19
736419.0 0.13
736449.0 0.29000000000000004
736509.0 -0.245
736539.0 -0.38
736569.0 -0.53
736599.0 0.12000000000000004
736629.0 -0.24500000000000002
736689.0 -0.53
736719.0 -0.1
736749.0 -0.13
736779.0 0.030000000000000006
736809.0 -0.47
736839.0 -0.10999999999999999
736869.0 0.16000000000000003
736929.0 -0.55
736959.0 0.020000000000000004
737019.0 -0.08499999999999999
737109.0 -0.11500000000000002
737139.0 -0.12
737199.0 -0.06
737229.0 0.16000000000000003
737259.0 -0.37
737319.0 -0.10999999999999999
737349.0 0.19
737379.0 0.245
737439.0 -0.32
737469.0 -0.22
737499.0 -0.245
737529.0 -0.45
737559.0 -0.5700000000000001
737589.0 -0.05
737619.0 0.15000000000000002
737649.0 -0.12666666666666668
737679.0 -0.044999999999999984
737709.0 6.938893903907228e-18
737739.0 -0.2966666666666667
737799.0 0.14
737859.0 -0.06
737889.0 -0.16
737919.0 -0.11
737949.0 -0.16999999999999998
737979.0 -0.22000000000000003
738009.0 -0.41
738039.0 -0.07
738069.0 -0.15
738099.0 -0.09
738129.0 -0.19
738159.0 -0.22
738189.0 -0.1
738219.0 0.030000000000000013
738249.0 -0.065
738279.0 -0.27
738339.0 -0.23866897307065
738369.0 -0.06930880931375667
738399.0 -0.23815001611760475
738429.0 -0.22710362099445
738459.0 -0.45222356737664
738489.0 -0.097868521179899
738519.0 -0.15986433572817998
738549.0 0.21901566395296002
738579.0 -0.24686988401064003
738609.0 -0.143423629631971
738639.0 -0.54277164401913
738669.0 -0.134956805181984
