724600.0 0.3
724931.0 -0.66
725617.0 -0.07
726214.0 0.23000000000000004
726520.0 0.35000000000000003
726526.0 -0.41
726539.0 -0.22999999999999998
726583.0 -0.08
726611.0 -0.07
726633.0 -0.34
726674.0 -0.59
726695.0 0.009999999999999995
726722.0 -0.05
726773.0 -0.33
726809.0 -0.21000000000000002
726862.0 0.11
726879.0 -0.22
726911.0 -0.62
726961.0 0.06999999999999999
727011.0 -0.18
727095.0 -0.28
727107.0 -0.21000000000000002
727108.0 -0.03
727109.0 -0.03
727110.0 0.020000000000000004
727111.0 0.009999999999999995
727112.0 0.11
727113.0 0.12000000000000001
727114.0 0.08
727115.0 0.030000000000000013
727116.0 -0.06
727117.0 -0.32
727118.0 -0.45
727119.0 -0.53
727120.0 -0.63
727121.0 0.44000000000000006
727122.0 -0.6
727123.0 0.35000000000000003
727124.0 0.35000000000000003
727125.0 0.41000000000000003
727136.0 -0.41
727216.0 -0.13
727284.0 -0.020000000000000004
727310.0 -0.67
727342.0 0.06999999999999999
727376.0 -0.44
727405.0 -0.51
727433.0 -0.15
727464.0 0.09999999999999999
727494.0 0.11
727505.0 0.08
727514.0 0.34
727550.0 -0.58
727587.0 -0.21000000000000002
727605.0 0.09000000000000001
727648.0 -0.020000000000000004
727712.0 0.12000000000000001
727740.0 0.2
727786.0 -0.55
727809.0 0.06999999999999999
727971.0 -0.69
728003.0 -0.48
728060.0 -0.2
728090.0 0.06000000000000001
728117.0 -0.3
728145.0 0.36
728174.0 -0.11
728216.0 0.24
728255.0 -0.52
728271.0 0.36
728318.0 -0.26
728390.0 -0.08
728476.0 0.33
728483.0 -0.39999999999999997
728505.0 0.36
728514.0 -0.39
728516.0 -0.42
728518.0 -0.27
728522.0 0.4
728524.0 -0.53
728526.0 -0.64
728531.0 -0.59
728546.0 -0.63
728551.0 0.45000000000000007
728553.0 -0.5700000000000001
728557.0 -0.55
728558.0 0.42000000000000004
728561.0 0.25
728563.0 0.27
728570.0 0.3
728571.0 0.3
728572.0 0.37
728574.0 0.36
728575.0 0.26
728576.0 0.31
728577.0 0.33
728578.0 0.08
728579.0 0.12000000000000001
728580.0 -0.62
728581.0 0.15000000000000002
728582.0 0.21000000000000002
728583.0 0.3
728584.0 0.34
728585.0 0.18
728586.0 -0.59
728587.0 0.21000000000000002
728588.0 0.48
728607.0 0.039999999999999994
728619.0 0.009999999999999995
728684.0 -0.3
728769.0 0.06999999999999999
728824.0 -0.38
728873.0 -0.69
728885.0 0.35000000000000003
728893.0 0.08
728935.0 -0.2
729005.0 -0.039999999999999994
729034.0 -0.16
729062.0 -0.14
729089.0 -0.29
729131.0 -0.25
729176.0 0.09999999999999999
729230.0 -0.31
729256.0 -0.44
729277.0 -0.49
729307.0 0.39
729333.0 0.039999999999999994
729361.0 0.33
729396.0 0.21000000000000002
729455.0 0.09000000000000001
729484.0 -0.2
729521.0 -0.38
729522.0 -0.38
729558.0 -0.43
729564.0 -0.51
729600.0 -0.07
729609.0 0.23000000000000004
729615.0 0.21000000000000002
729623.0 -0.03
729630.0 -0.08
729639.0 0.039999999999999994
729646.0 0.16000000000000003
729649.0 0.06999999999999999
729655.0 0.12000000000000001
729656.0 0.09000000000000001
729657.0 -0.05
729658.0 0.14
729659.0 0.030000000000000013
729661.0 -0.009999999999999995
729662.0 -0.009999999999999995
729663.0 0.0
729665.0 0.06999999999999999
729666.0 0.009999999999999995
729667.0 0.030000000000000013
729669.0 -0.03
729670.0 -0.009999999999999995
729671.0 -0.07
729672.0 -0.16
729673.0 -0.03
729674.0 -0.05
729675.0 0.06000000000000001
729676.0 0.06000000000000001
729678.0 -0.039999999999999994
729679.0 0.06000000000000001
729680.0 -0.15
729681.0 -0.08
729682.0 -0.15
729683.0 -0.11
729684.0 0.020000000000000004
729685.0 0.009999999999999995
729686.0 -0.14
729687.0 -0.05
729688.0 0.06999999999999999
729689.0 0.030000000000000013
729690.0 0.039999999999999994
729691.0 -0.32
729692.0 -0.25
729693.0 -0.039999999999999994
729700.0 0.2
729705.0 -0.15
729740.0 -0.1
729767.0 0.15000000000000002
729798.0 -0.27
729830.0 -0.37
729861.0 0.25
729893.0 0.34
729923.0 -0.26
729950.0 -0.009999999999999995
729979.0 0.13
729996.0 0.29000000000000004
730054.0 0.0
730083.0 0.030000000000000013
730110.0 -0.42
730147.0 -0.22
730202.0 -0.2
730229.0 -0.59
730245.0 -0.020000000000000004
730292.0 -0.38
730320.0 -0.21000000000000002
730409.0 -0.22
730420.0 0.14
730429.0 0.009999999999999995
730463.0 0.15000000000000002
730517.0 0.039999999999999994
730560.0 -0.5700000000000001
730607.0 0.22000000000000003
730667.0 -0.27
730738.0 -0.009999999999999995
730764.0 0.0
730810.0 0.25
730839.0 0.039999999999999994
730880.0 -0.47
730908.0 -0.24
730936.0 0.42000000000000004
730973.0 -0.44
731021.0 -0.09
731071.0 -0.08
731117.0 0.28
731118.0 0.28
731136.0 0.11
731178.0 0.36
731233.0 -0.05
731276.0 0.24
731313.0 -0.43
731323.0 -0.82
731364.0 0.47
731394.0 -0.55
731442.0 -0.039999999999999994
731492.0 -0.33
731499.0 -0.72
731545.0 -0.25
731590.0 -0.2
731685.0 -0.53
731729.0 -0.41
731757.0 0.39
731801.0 -0.3
731845.0 -0.42
731954.0 0.32
732000.0 -0.45999999999999996
732044.0 0.05
732045.0 0.039999999999999994
732064.0 -0.29
732086.0 -0.2
732113.0 0.09999999999999999
732147.0 -0.64
732219.0 0.42000000000000004
732273.0 0.32
732338.0 -0.51
732387.0 0.52
732422.0 -0.09
732442.0 0.47
732491.0 0.2
732512.0 0.26
732513.0 0.26
732547.0 0.16000000000000003
732556.0 0.039999999999999994
732557.0 0.039999999999999994
732576.0 0.26
732604.0 0.13
732631.0 -0.45999999999999996
732674.0 -0.39999999999999997
732707.0 -0.06
732730.0 -0.19
732772.0 -0.31
732828.0 0.06999999999999999
732864.0 -0.06
732918.0 -0.18
732945.0 -0.59
732982.0 -0.24
733018.0 -0.03
733046.0 -0.21000000000000002
733095.0 -0.6
733134.0 -0.5
733173.0 -0.45
733220.0 -0.15
733326.0 -0.09
733352.0 -0.62
733386.0 -0.07
733414.0 -0.43
733470.0 -0.36
733547.0 -0.32
733583.0 -0.19
733625.0 -0.5
733681.0 -0.26
733710.0 0.2
733721.0 0.2
733996.0 -0.11
734003.0 0.18
734031.0 -0.11
734032.0 -0.11
734067.0 0.0
734117.0 -0.56
734152.0 -0.32
734191.0 -0.47
734233.0 -0.6799999999999999
734244.0 0.44000000000000006
734293.0 0.11
734347.0 -0.52
734387.0 0.020000000000000004
734430.0 0.16000000000000003
734464.0 0.23000000000000004
734541.0 -0.49
734580.0 0.17000000000000004
734639.0 0.3
734660.0 -0.5700000000000001
734695.0 0.32
734737.0 -0.22999999999999998
734744.0 -0.66
734793.0 -0.18
734822.0 -0.16
734860.0 -0.18
734913.0 0.14
734944.0 0.31
735032.0 -0.009999999999999995
735047.0 -0.45
735091.0 -0.14
735140.0 0.06000000000000001
735167.0 -0.25
735173.0 -0.03
735200.0 -0.25
735222.0 -0.16999999999999998
735270.0 -0.06
735333.0 0.16000000000000003
735376.0 -0.07
735417.0 -0.38
735459.0 -0.05
735482.0 0.09999999999999999
735530.0 -0.11
735573.0 0.21000000000000002
735626.0 -0.31
735726.0 -0.19
735804.0 -0.59
735847.0 0.34
735872.0 0.09999999999999999
735899.0 -0.25
735945.0 -0.37
736040.0 -0.039999999999999994
736056.0 0.08
736067.0 -0.020000000000000004
736083.0 -0.020000000000000004
736103.0 0.09000000000000001
736133.0 0.31
736155.0 0.09000000000000001
736183.0 -0.54
736222.0 -0.54
736245.0 -0.65
736251.0 -0.19
736256.0 -0.15
736258.0 -0.32
736260.0 -0.44
736267.0 0.24
736284.0 0.43000000000000005
736319.0 0.039999999999999994
736343.0 -0.22999999999999998
736399.0 0.19
736448.0 0.13
736477.0 0.29000000000000004
736509.0 -0.12
736537.0 -0.37
736559.0 -0.38
736581.0 -0.53
736599.0 0.55
736606.0 -0.58
736623.0 0.39
736637.0 0.08
736650.0 -0.5700000000000001
736700.0 -0.53
736722.0 -0.1
736753.0 -0.13
736781.0 0.12000000000000001
736796.0 -0.06
736833.0 -0.47
736852.0 -0.3
736859.0 -0.16
736867.0 0.13
736883.0 0.16000000000000003
736943.0 -0.55
736979.0 0.020000000000000004
737020.0 -0.25
737040.0 0.08
737117.0 0.05
737134.0 -0.28
737168.0 -0.12
737203.0 -0.06
737229.0 0.16000000000000003
737261.0 -0.18
737286.0 -0.56
737322.0 -0.18
737337.0 -0.039999999999999994
737350.0 0.19
737384.0 0.13
737407.0 0.36
737457.0 -0.32
737471.0 -0.22
737509.0 -0.15
737526.0 -0.34
737532.0 -0.45
737565.0 -0.5700000000000001
737601.0 -0.05
737622.0 0.15000000000000002
737652.0 -0.28
737671.0 0.06999999999999999
737677.0 -0.16999999999999998
737685.0 -0.39999999999999997
737691.0 0.31
737713.0 0.030000000000000013
737723.0 -0.03
737743.0 -0.38
737751.0 -0.26
737765.0 -0.25
737800.0 0.14
737861.0 -0.06
737898.0 -0.34
737915.0 0.020000000000000004
737926.0 -0.22
737938.0 0.0
737965.0 -0.16999999999999998
737993.0 -0.34
738008.0 -0.1
738024.0 -0.41
738059.0 -0.07
738079.0 -0.15
738112.0 -0.09
738153.0 -0.19
738170.0 -0.22
738210.0 -0.1
738245.0 0.030000000000000013
738267.0 -0.27
738274.0 0.14
738303.0 -0.27
738350.0 -0.23866897307065
738379.0 -0.31072658146182003
738391.0 0.0031069654432099997
738398.0 0.09969318807734003
738400.0 0.21207121726011002
738404.0 -0.49072559145656997
738412.0 -0.64256280835886
738427.0 -0.031382881915099
738450.0 -0.22710362099445
738477.0 -0.45222356737664
738507.0 -0.097868521179899
738534.0 -0.15986433572817998
738561.0 0.21901566395296002
738594.0 -0.24686988401064003
738623.0 -0.143423629631971
738658.0 -0.54277164401913
738674.0 -0.134956805181984
