728139.0 0.04404971977315597
728169.0 -0.013395085278972374
728199.0 0.0293303920087169
728229.0 11.950989795564041
728259.0 0.04404971977315597
728289.0 11.979042870384447
728379.0 11.998541936506186
728469.0 18.008576324834394
728499.0 15.461648024989115
728529.0 12.057608371328612
728559.0 12.037905893033699
728589.0 12.011576815178984
728619.0 12.008315426373812
728679.0 12.053042462609454
728769.0 12.01483998583926
728799.0 0.04404971977315597
728859.0 17.990078110870094
728889.0 12.0159281056129
728919.0 12.048664106035204
728979.0 12.002883734081024
729009.0 12.027910516268847
729039.0 0.06373192656099036
729069.0 12.023550496671689
729129.0 12.058519909927668
729159.0 12.018104939815316
729219.0 0.06126811401861687
729249.0 5.950084444122609
729279.0 -11.954855880123233
729309.0 0.004878407051023714
729339.0 0.04036649315314378
729369.0 0.025656210915173006
729429.0 0.010982027529337302
729459.0 -0.024332354467418327
729519.0 0.06619675145572046
729549.0 5.996830150158729
729579.0 -0.008527625841139752
729609.0 0.010090143008298469
729639.0 0.00601589289520429
729669.0 -0.006739952223529262
729699.0 0.003086706228600633
729729.0 11.996372221953038
729759.0 0.01831461517579669
729789.0 0.024431985358887687
729819.0 -0.04493697539142261
729849.0 0.030555620771579584
729879.0 0.04159398364434708
729909.0 -0.03161272383719904
729939.0 -0.00121897888135436
729969.0 -5.9764902791513705
730029.0 0.0
730059.0 0.0036584314066772095
730089.0 11.961763789802205
730119.0 -0.026760133673221276
730179.0 11.985535474318837
730209.0 11.943459604460784
730239.0 12.005055817964688
730269.0 11.966078859009912
730299.0 11.984452882245918
730389.0 -12.039714292557747
730419.0 -11.998819998474012
730449.0 0.01831461517579669
730509.0 0.004878407051023714
730539.0 11.945610113758818
730599.0 0.02688068715757197
730659.0 11.977961457338068
730719.0 -0.00121897888135436
730749.0 0.0
730809.0 0.030555620771579584
730839.0 0.004878407051023714
730869.0 -0.057024070016424844
730899.0 -0.029186923261491415
730929.0 0.051422974909087316
730959.0 11.959607428515454
731019.0 11.997456980588296
731049.0 11.998541936506186
731109.0 0.04488745937499061
731169.0 0.04404971977315597
731229.0 12.001797988494104
731259.0 12.03336501410962
731289.0 11.960685511426718
731319.0 11.918784593565732
731349.0 0.057574292001802974
731379.0 12.048664106035204
731439.0 12.002883734081024
731469.0 11.971477099849835
731499.0 11.929500250235222
731529.0 11.98012447980146
731589.0 11.985535474318837
731679.0 24.056316142151474
731709.0 23.97298334180732
731739.0 12.049758395291335
731799.0 12.061808781805837
731829.0 0.06619675145572046
731949.0 0.03913925427420395
731979.0 11.957451848873035
732039.0 -0.00809084416538989
732069.0 -0.024332354467418327
732099.0 0.01220350061207398
732129.0 0.05388274427255624
732219.0 -11.950651265392295
732249.0 0.03913925427420395
732309.0 11.952066316673111
732369.0 0.06373192656099036
732399.0 11.997456980588296
732429.0 0.057574292001802974
732489.0 0.029331395472127042
732519.0 12.02464020356544
732549.0 -3.9877616730168106
732579.0 -11.991172651529354
732609.0 -0.05581646664290929
732669.0 -0.04856568622868451
732699.0 -0.00731013981533124
732729.0 -0.023118093568754716
732759.0 -0.03767290231209586
732819.0 0.008539830580645003
732849.0 -0.00731013981533124
732909.0 -0.021903585038614892
732939.0 -0.07149618111942857
732969.0 -0.029186923261491415
732999.0 -0.0036561897207434413
733029.0 -11.939424515671575
733089.0 0.047735212994183485
733119.0 0.04036649315314378
733149.0 0.03791226693020633
733209.0 -0.01825857290168642
733299.0 -12.021730673526832
733329.0 -11.940829009668406
733359.0 -0.008527625841139752
733389.0 -11.963256263972056
733449.0 -11.980021735939232
733539.0 -23.97293900068452
733569.0 -0.023118093568754716
733599.0 -11.961857018269583
733659.0 -11.94223317478243
733689.0 0.024431985358887687
733719.0 -11.98141673903325
733989.0 -11.961112730673335
734019.0 -12.024500922962886
734049.0 -12.009248585603302
734109.0 -11.940829009668406
734139.0 -12.053510939067422
734169.0 -0.057024070016424844
734229.0 -11.94574177992449
734289.0 -11.993957130568063
734319.0 -12.081008433129398
734379.0 -24.01827597089435
734409.0 -23.99565052916276
734439.0 -11.977230752630206
734529.0 0.06249989378474652
734559.0 0.020760812036968446
734619.0 -11.967452039290862
734649.0 -11.957657317767854
734679.0 -11.964655182633336
734709.0 -12.041095399031974
734739.0 -23.945244272788358
734769.0 -12.034186657397541
734799.0 -23.94361117661947
734859.0 -12.034186657397541
734889.0 -11.989779924929124
734919.0 -11.966053774368064
735009.0 -12.010636775901673
735039.0 -12.07139880101127
735069.0 -12.028653882044225
735129.0 -24.011820314777523
735159.0 -17.989109485563468
735189.0 -23.966434111902544
735219.0 -12.032803945732283
735249.0 -12.017572882052136
735309.0 -23.99565052916276
735369.0 -12.0189591350031
735399.0 -12.061773574265857
735459.0 -12.005767594862661
735519.0 -12.024500922962886
735549.0 -11.980021735939232
735609.0 -12.052132714901589
735699.0 -12.035569047800792
735789.0 -12.090602508488772
735819.0 -23.966434111902544
735849.0 -11.995348883233632
735879.0 -12.043856649983795
735939.0 -23.93543901735562
736029.0 -12.006465411816862
736059.0 -12.012024643026876
736089.0 -11.996740311481346
736119.0 -11.966053774368064
736149.0 -11.996740311481346
736179.0 -12.083751183289166
736209.0 -12.083751183289166
736239.0 -16.019239421923967
736269.0 -23.95177221124507
736299.0 -24.015049016993842
736329.0 -12.041095399031974
736389.0 -11.98281141657229
736419.0 -11.991172651529354
736449.0 -11.968849977516243
736509.0 -12.043141415591592
736539.0 -12.061773574265857
736569.0 -23.940343649143813
736599.0 -16.054242579814964
736629.0 -18.04822639607285
736689.0 -12.08237996689651
736719.0 -12.023115959324599
736749.0 -12.027269884210398
736779.0 -12.005068967711637
736809.0 -23.971313441531507
736839.0 -8.022101888134864
736869.0 0.019537588455619925
736929.0 11.947761401944675
736959.0 -11.956256762753142
737019.0 12.026830150457492
737109.0 6.038814276550866
737139.0 0.03791226693020633
737199.0 0.057574292001802974
737229.0 0.019537588455619925
737259.0 0.04834971388973486
737319.0 -12.024493032803335
737349.0 -11.98281141657229
737379.0 -11.975115098405809
737439.0 -11.936614540567234
737469.0 -0.026760133673221276
737499.0 -0.029782310499015807
737529.0 -11.940829009668406
737559.0 -11.953454669763133
737589.0 -0.006092405170790016
737619.0 0.01831461517579669
737649.0 0.008996752017859913
737679.0 -6.007309730298374
737709.0 1.1208429668840836e-06
737739.0 -11.959046308822712
737799.0 0.017091892120689067
737859.0 -11.953454669763133
737889.0 -0.019433671514342166
737919.0 -11.994635160771267
737949.0 -11.988386873456804
737979.0 -11.986883612358447
738009.0 -11.98141673903325
738039.0 -12.0189591350031
738069.0 -12.030037558167706
738099.0 -12.021730673526832
738129.0 -23.938709217473146
738159.0 -12.039714292557747
738189.0 -0.012178592967174495
738219.0 -12.005082074540084
738249.0 -12.018198271973468
738279.0 -0.03282525343425391
738339.0 -0.029025447873323174
738369.0 -11.981577990924896
738399.0 -14.971561490250732
738429.0 -11.948893923898126
738459.0 -11.96427526573656
738489.0 -0.011919268105458514
738519.0 -0.01945733981341391
738549.0 -11.978763768869996
738579.0 -0.03002028317446559
738609.0 -0.017459243121876966
738639.0 -11.955257351152696
738669.0 -0.016429978778717214
