728003.0 0.057574292001802974
728060.0 11.985535474318837
728090.0 12.0137520642118
728117.0 11.974718395888061
728145.0 0.04404971977315597
728174.0 -0.013395085278972374
728216.0 0.0293303920087169
728255.0 11.950989795564041
728271.0 0.04404971977315597
728318.0 11.979042870384447
728390.0 11.998541936506186
728476.0 12.043195656165466
728483.0 23.97395699350332
728505.0 12.046476126969281
728514.0 12.065099458112627
728516.0 23.972009849321807
728518.0 23.98662897149501
728522.0 12.050852884435898
728524.0 12.050852884435898
728526.0 12.059616000153284
728531.0 12.055232840994321
728546.0 12.06619675145572
728551.0 12.05632833040309
728553.0 12.05413755174807
728557.0 12.060712290761018
728558.0 12.053042462609454
728561.0 12.034456510667681
728563.0 12.036640101209414
728570.0 12.039916981403707
728571.0 12.039916981403707
728572.0 12.047570016612767
728574.0 12.046476126969281
728575.0 12.03554820634946
728576.0 12.041009673521785
728577.0 12.043195656165466
728578.0 12.0159281056129
728579.0 12.02028256725238
728580.0 12.053042462609454
728581.0 12.023550496671689
728582.0 12.03009171863296
728583.0 12.039916981403707
728584.0 12.044288946800307
728585.0 12.026820213309705
728586.0 12.049758395291335
728587.0 12.03009171863296
728588.0 12.059616000153284
728607.0 12.011576815178984
728619.0 12.008315426373812
728684.0 12.053042462609454
728769.0 12.01483998583926
728824.0 0.04404971977315597
728873.0 11.932718726496418
728885.0 24.04743749524377
728893.0 12.0159281056129
728935.0 12.048664106035204
729005.0 12.002883734081024
729034.0 12.027910516268847
729062.0 0.06373192656099036
729089.0 12.023550496671689
729131.0 12.058519909927668
729176.0 12.018104939815316
729230.0 0.06126811401861687
729256.0 11.959607428515454
729277.0 -0.05943854027023576
729307.0 -11.954855880123233
729333.0 0.004878407051023714
729361.0 0.04036649315314378
729396.0 0.025656210915173006
729455.0 0.010982027529337302
729484.0 -0.024332354467418327
729521.0 0.06619675145572046
729522.0 0.06619675145572046
729558.0 0.04159398364434708
729564.0 11.952066316673111
729600.0 -0.008527625841139752
729609.0 0.02810541416307899
729615.0 0.025656210915173006
729623.0 -0.0036561897207434413
729630.0 -0.009744863324314679
729639.0 0.004878407051023714
729646.0 0.019537588455619925
729649.0 0.008539830580645003
729655.0 0.014647196377481464
729656.0 0.010982027529337302
729657.0 -0.006092405170790016
729658.0 0.017091892120689067
729659.0 0.0036584314066772095
729661.0 -0.00121897888135436
729662.0 -0.00121897888135436
729663.0 0.0
729665.0 0.008539830580645003
729666.0 0.0012192279575629072
729667.0 0.0036584314066772095
729669.0 -0.0036561897207434413
729670.0 -0.00121897888135436
729671.0 -0.008527625841139752
729672.0 -0.01947382478088855
729673.0 -0.0036561897207434413
729674.0 -0.006092405170790016
729675.0 0.00731910656151058
729676.0 0.00731910656151058
729678.0 -0.004874421831317477
729679.0 0.00731910656151058
729680.0 -0.01825857290168642
729681.0 -0.009744863324314679
729682.0 -0.01825857290168642
729683.0 -0.013395085278972374
729684.0 0.0024387050676608624
729685.0 0.0012192279575629072
729686.0 -0.017043073087791072
729687.0 -0.006092405170790016
729688.0 0.008539830580645003
729689.0 0.0036584314066772095
729690.0 0.004878407051023714
729691.0 -0.03888419753114647
729692.0 -0.030399947138121775
729693.0 -0.004874421831317477
729700.0 0.024431985358887687
729705.0 -0.01825857290168642
729740.0 11.996372221953038
729767.0 0.01831461517579669
729798.0 0.024431985358887687
729830.0 -0.04493697539142261
729861.0 0.030555620771579584
729893.0 0.04159398364434708
729923.0 -0.03161272383719904
729950.0 -0.00121897888135436
729979.0 0.0158694192135016
729996.0 -11.968849977516243
730054.0 0.0
730083.0 0.0036584314066772095
730110.0 11.961763789802205
730147.0 -0.026760133673221276
730202.0 11.985535474318837
730229.0 11.943459604460784
730245.0 12.005055817964688
730292.0 11.966078859009912
730320.0 11.984452882245918
730409.0 -12.039714292557747
730420.0 -11.989779924929124
730429.0 -12.0078600720189
730463.0 0.01831461517579669
730517.0 0.004878407051023714
730560.0 11.945610113758818
730607.0 0.02688068715757197
730667.0 11.977961457338068
730738.0 -0.00121897888135436
730764.0 0.0
730810.0 0.030555620771579584
730839.0 0.004878407051023714
730880.0 -0.057024070016424844
730908.0 -0.029186923261491415
730936.0 0.051422974909087316
730973.0 11.959607428515454
731021.0 11.997456980588296
731071.0 11.998541936506186
731117.0 0.03423281333462569
731118.0 0.03423281333462569
731136.0 0.06619675145572046
731178.0 0.04404971977315597
731233.0 12.001797988494104
731276.0 12.03336501410962
731313.0 11.960685511426718
731323.0 11.918784593565732
731364.0 0.057574292001802974
731394.0 12.048664106035204
731442.0 12.002883734081024
731492.0 11.971477099849835
731499.0 11.929500250235222
731545.0 11.98012447980146
731590.0 11.985535474318837
731685.0 24.056316142151474
731729.0 23.97298334180732
731757.0 12.049758395291335
731801.0 12.061808781805837
731845.0 0.06619675145572046
731954.0 0.03913925427420395
732000.0 11.957451848873035
732044.0 0.006098632077140564
732045.0 0.004878407051023714
732064.0 -0.03524957162433395
732086.0 -0.024332354467418327
732113.0 0.01220350061207398
732147.0 0.05388274427255624
732219.0 -11.950651265392295
732273.0 0.03913925427420395
732338.0 11.952066316673111
732387.0 0.06373192656099036
732422.0 11.997456980588296
732442.0 0.057574292001802974
732491.0 0.024431985358887687
732512.0 0.03178110052874672
732513.0 0.03178110052874672
732547.0 12.02464020356544
732556.0 0.004878407051023714
732557.0 0.004878407051023714
732576.0 -11.973041833152479
732604.0 -11.991172651529354
732631.0 -0.05581646664290929
732674.0 -0.04856568622868451
732707.0 -0.00731013981533124
732730.0 -0.023118093568754716
732772.0 -0.03767290231209586
732828.0 0.008539830580645003
732864.0 -0.00731013981533124
732918.0 -0.021903585038614892
732945.0 -0.07149618111942857
732982.0 -0.029186923261491415
733018.0 -0.0036561897207434413
733046.0 -11.939424515671575
733095.0 0.047735212994183485
733134.0 0.04036649315314378
733173.0 0.03791226693020633
733220.0 -0.01825857290168642
733326.0 -12.021730673526832
733352.0 -11.940829009668406
733386.0 -0.008527625841139752
733414.0 -11.963256263972056
733470.0 -11.980021735939232
733547.0 -23.97293900068452
733583.0 -0.023118093568754716
733625.0 -11.961857018269583
733681.0 -11.94223317478243
733710.0 0.024431985358887687
733721.0 -11.98141673903325
733996.0 -11.938019692676392
734003.0 -11.984205768670279
734031.0 -12.024500922962886
734032.0 -12.024500922962886
734067.0 -12.009248585603302
734117.0 -11.940829009668406
734152.0 -12.053510939067422
734191.0 -0.057024070016424844
734233.0 -11.943637011129155
734244.0 -11.947846548719824
734293.0 -11.993957130568063
734347.0 -12.081008433129398
734387.0 -24.01827597089435
734430.0 -23.99565052916276
734464.0 -11.977230752630206
734541.0 0.06249989378474652
734580.0 0.020760812036968446
734639.0 -11.967452039290862
734660.0 -11.957657317767854
734695.0 -11.964655182633336
734737.0 -12.041095399031974
734744.0 -23.945244272788358
734793.0 -12.034186657397541
734822.0 -23.94361117661947
734860.0 -12.034186657397541
734913.0 -11.989779924929124
734944.0 -11.966053774368064
735032.0 -12.010636775901673
735047.0 -12.07139880101127
735091.0 -12.028653882044225
735140.0 -24.011820314777523
735167.0 -23.964806784035176
735173.0 -12.01341218709176
735200.0 -23.966434111902544
735222.0 -12.032803945732283
735270.0 -12.017572882052136
735333.0 -23.99565052916276
735376.0 -12.0189591350031
735417.0 -12.061773574265857
735459.0 -12.01618630649169
735482.0 -11.995348883233632
735530.0 -12.024500922962886
735573.0 -11.980021735939232
735626.0 -12.052132714901589
735726.0 -12.035569047800792
735804.0 -12.090602508488772
735847.0 -23.966434111902544
735872.0 -11.995348883233632
735899.0 -12.043856649983795
735945.0 -23.93543901735562
736040.0 -12.014799408209129
736056.0 -11.998131415424595
736067.0 -12.012024643026876
736083.0 -12.012024643026876
736103.0 -11.996740311481346
736133.0 -11.966053774368064
736155.0 -11.996740311481346
736183.0 -12.083751183289166
736222.0 -12.083751183289166
736245.0 -23.94361117661947
736251.0 -12.035569047800792
736256.0 -12.030037558167706
736258.0 -12.053510939067422
736260.0 -12.070024724276934
736267.0 -23.982683085611484
736284.0 -23.95177221124507
736319.0 -24.015049016993842
736343.0 -12.041095399031974
736399.0 -11.98281141657229
736448.0 -11.991172651529354
736477.0 -11.968849977516243
736509.0 -12.025885564554045
736537.0 -12.060397266629138
736559.0 -12.061773574265857
736581.0 -23.940343649143813
736599.0 -12.115201817664982
736606.0 -12.089232877317258
736623.0 -23.95829304446265
736637.0 -24.00858986282418
736650.0 -12.087862929321517
736700.0 -12.08237996689651
736722.0 -12.023115959324599
736753.0 -12.027269884210398
736781.0 -11.992565053371138
736796.0 -12.017572882052136
736833.0 -23.971313441531507
736852.0 -12.05075417092506
736859.0 -12.031420912693036
736867.0 0.0158694192135016
736883.0 0.019537588455619925
736943.0 11.947761401944675
736979.0 -11.956256762753142
737020.0 12.037732195302084
737040.0 12.0159281056129
737117.0 12.012664340676409
737134.0 0.06496421242532335
737168.0 0.03791226693020633
737203.0 0.057574292001802974
737229.0 0.019537588455619925
737261.0 0.04896421478528623
737286.0 0.047735212994183485
737322.0 -12.034186657397541
737337.0 -12.014799408209129
737350.0 -11.98281141657229
737384.0 -11.991172651529354
737407.0 -11.959057545282263
737457.0 -11.936614540567234
737471.0 -0.026760133673221276
737509.0 -0.01825857290168642
737526.0 -0.041306048096345194
737532.0 -11.940829009668406
737565.0 -11.953454669763133
737601.0 -0.006092405170790016
737622.0 0.01831461517579669
737652.0 0.03913925427420395
737671.0 0.008539830580645003
737677.0 -0.02068882880126921
737685.0 -0.04856568622868451
737691.0 -11.966053774368064
737713.0 0.0036584314066772095
737723.0 -0.0036561897207434413
737743.0 -11.956256762753142
737751.0 -11.974438465732504
737765.0 -11.946443697982488
737800.0 0.017091892120689067
737861.0 -11.953454669763133
737898.0 -0.041306048096345194
737915.0 0.0024387050676608624
737926.0 -11.980021735939232
737938.0 -12.009248585603302
737965.0 -11.988386873456804
737993.0 -11.950651265392295
738008.0 -12.023115959324599
738024.0 -11.98141673903325
738059.0 -12.0189591350031
738079.0 -12.030037558167706
738112.0 -12.021730673526832
738153.0 -23.938709217473146
738170.0 -12.039714292557747
738210.0 -0.012178592967174495
738245.0 -12.005082074540084
738267.0 -12.046616619017811
738274.0 -11.989779924929124
738303.0 -0.03282525343425391
738350.0 -0.029025447873323174
738379.0 -11.940525180185645
738391.0 -12.008817213854314
738398.0 -11.995391578734726
738400.0 -11.979732759782323
738404.0 -11.957857095866459
738412.0 -23.93505206272343
738427.0 -12.013604042630718
738450.0 -11.948893923898126
738477.0 -11.96427526573656
738507.0 -0.011919268105458514
738534.0 -0.01945733981341391
738561.0 -11.978763768869996
738594.0 -0.03002028317446559
738623.0 -0.017459243121876966
738658.0 -11.955257351152696
738674.0 -0.016429978778717214
