7.324100000000000000e+05 8.600000000000000000e+01 4.669999999999999929e+00
7.324270000000000000e+05 8.479999999999999716e+01 2.319999999999999840e+00
7.324410000000000000e+05 8.350000000000000000e+01 2.310000000000000053e+00
7.324550000000000000e+05 8.829999999999999716e+01 1.139999999999999902e+00
7.324690000000000000e+05 9.340000000000000568e+01 2.099999999999999922e-01
7.325150000000000000e+05 1.025999999999999943e+02 7.870000000000000107e+00
7.325600000000000000e+05 1.140000000000000000e+02 4.169999999999999929e+00
7.325740000000000000e+05 1.089000000000000057e+02 6.580000000000000071e+00
7.325890000000000000e+05 1.082999999999999972e+02 3.470000000000000195e+00
7.326480000000000000e+05 1.055999999999999943e+02 8.499999999999999778e-01
7.327080000000000000e+05 8.850000000000000000e+01 3.799999999999999822e+00
7.327370000000000000e+05 8.950000000000000000e+01 1.949999999999999956e+00
7.327660000000000000e+05 8.079999999999999716e+01 5.389999999999999680e+00
7.327950000000000000e+05 8.209999999999999432e+01 3.169999999999999929e+00
7.328070000000000000e+05 9.220000000000000284e+01 1.709999999999999964e+00
7.328550000000000000e+05 8.759999999999999432e+01 6.219999999999999751e+00
7.328890000000000000e+05 8.759999999999999432e+01 3.720000000000000195e+00
7.329420000000000000e+05 9.140000000000000568e+01 4.419999999999999929e+00
7.329590000000000000e+05 1.027999999999999972e+02 1.182000000000000028e+01
7.330150000000000000e+05 9.409999999999999432e+01 2.490000000000000213e+00
7.330780000000000000e+05 7.490000000000000568e+01 8.380000000000000782e+00
7.331350000000000000e+05 6.170000000000000284e+01 3.200000000000000178e+00
7.331660000000000000e+05 7.950000000000000000e+01 2.120000000000000107e+00
7.331940000000000000e+05 7.479999999999999716e+01 5.900000000000000355e+00
7.332260000000000000e+05 7.820000000000000284e+01 1.055000000000000071e+01
7.332850000000000000e+05 7.809999999999999432e+01 1.106000000000000050e+01
7.333260000000000000e+05 7.720000000000000284e+01 4.419999999999999929e+00
7.333400000000000000e+05 8.929999999999999716e+01 7.240000000000000213e+00
7.333550000000000000e+05 8.309999999999999432e+01 9.019999999999999574e+00
7.333870000000000000e+05 8.640000000000000568e+01 1.939999999999999947e+00
7.334180000000000000e+05 9.150000000000000000e+01 4.139999999999999680e+00
7.334490000000000000e+05 7.600000000000000000e+01 3.649999999999999911e+00
7.334710000000000000e+05 8.179999999999999716e+01 3.700000000000000178e+00
7.334850000000000000e+05 7.200000000000000000e+01 3.399999999999999911e+00
7.335040000000000000e+05 7.179999999999999716e+01 6.440000000000000391e+00
7.338130000000000000e+05 5.600000000000000000e+01 4.429999999999999716e+00
7.338290000000000000e+05 5.639999999999999858e+01 5.719999999999999751e+00
7.339000000000000000e+05 7.579999999999999716e+01 4.980000000000000426e+00
7.339180000000000000e+05 8.029999999999999716e+01 4.269999999999999574e+00
7.339320000000000000e+05 8.070000000000000284e+01 6.009999999999999787e+00
7.339480000000000000e+05 8.159999999999999432e+01 4.219999999999999751e+00
7.339600000000000000e+05 8.300000000000000000e+01 4.790000000000000036e+00
7.339780000000000000e+05 8.109999999999999432e+01 5.120000000000000107e+00
7.339910000000000000e+05 8.550000000000000000e+01 5.269999999999999574e+00
7.340050000000000000e+05 8.459999999999999432e+01 5.030000000000000249e+00
7.340230000000000000e+05 8.340000000000000568e+01 3.029999999999999805e+00
7.340370000000000000e+05 8.159999999999999432e+01 2.450000000000000178e+00
7.340510000000000000e+05 8.520000000000000284e+01 4.549999999999999822e+00
7.340650000000000000e+05 8.529999999999999716e+01 4.709999999999999964e+00
7.340940000000000000e+05 6.759999999999999432e+01 6.769999999999999574e+00
7.341100000000000000e+05 6.640000000000000568e+01 4.799999999999999822e+00
7.341240000000000000e+05 7.029999999999999716e+01 3.689999999999999947e+00
7.341420000000000000e+05 6.160000000000000142e+01 3.560000000000000053e+00
7.341560000000000000e+05 6.409999999999999432e+01 4.339999999999999858e+00
7.341710000000000000e+05 6.000000000000000000e+01 5.879999999999999893e+00
7.341850000000000000e+05 7.029999999999999716e+01 5.759999999999999787e+00
7.341980000000000000e+05 6.310000000000000142e+01 9.369999999999999218e+00
7.342140000000000000e+05 8.400000000000000000e+01 1.491000000000000014e+01
7.342280000000000000e+05 6.590000000000000568e+01 6.450000000000000178e+00
7.342430000000000000e+05 6.750000000000000000e+01 5.870000000000000107e+00
7.342560000000000000e+05 6.879999999999999716e+01 5.000000000000000000e+00
7.342750000000000000e+05 6.700000000000000000e+01 5.969999999999999751e+00
7.342860000000000000e+05 7.550000000000000000e+01 8.550000000000000711e+00
7.343030000000000000e+05 8.040000000000000568e+01 1.014000000000000057e+01
7.343170000000000000e+05 8.100000000000000000e+01 1.088000000000000078e+01
7.343630000000000000e+05 8.800000000000000000e+01 7.309999999999999609e+00
7.343900000000000000e+05 8.540000000000000568e+01 5.679999999999999716e+00
7.344040000000000000e+05 8.740000000000000568e+01 5.639999999999999680e+00
7.344190000000000000e+05 8.290000000000000568e+01 5.919999999999999929e+00
7.344350000000000000e+05 9.370000000000000284e+01 7.700000000000000178e+00
7.344650000000000000e+05 7.750000000000000000e+01 5.650000000000000355e+00
7.344780000000000000e+05 8.129999999999999716e+01 4.589999999999999858e+00
7.344950000000000000e+05 8.040000000000000568e+01 5.519999999999999574e+00
7.345080000000000000e+05 8.379999999999999716e+01 4.209999999999999964e+00
7.345240000000000000e+05 7.750000000000000000e+01 6.009999999999999787e+00
7.345380000000000000e+05 7.890000000000000568e+01 4.719999999999999751e+00
7.345550000000000000e+05 7.150000000000000000e+01 4.549999999999999822e+00
7.345690000000000000e+05 7.079999999999999716e+01 5.169999999999999929e+00
7.345830000000000000e+05 6.870000000000000284e+01 4.000000000000000000e+00
7.346000000000000000e+05 7.440000000000000568e+01 6.679999999999999716e+00
7.346110000000000000e+05 7.279999999999999716e+01 6.059999999999999609e+00
7.346270000000000000e+05 7.640000000000000568e+01 5.549999999999999822e+00
7.346410000000000000e+05 7.540000000000000568e+01 6.519999999999999574e+00
7.346550000000000000e+05 8.179999999999999716e+01 3.740000000000000213e+00
7.346710000000000000e+05 8.050000000000000000e+01 8.759999999999999787e+00
7.346880000000000000e+05 8.529999999999999716e+01 1.402999999999999936e+01
7.346960000000000000e+05 8.679999999999999716e+01 1.158000000000000007e+01
7.347170000000000000e+05 9.679999999999999716e+01 1.256000000000000050e+01
7.347600000000000000e+05 1.070000000000000000e+02 7.719999999999999751e+00
7.347730000000000000e+05 1.157999999999999972e+02 6.780000000000000249e+00
7.347890000000000000e+05 1.149000000000000057e+02 4.790000000000000036e+00
7.348020000000000000e+05 1.145000000000000000e+02 5.490000000000000213e+00
7.348160000000000000e+05 1.140999999999999943e+02 9.169999999999999929e+00
7.348320000000000000e+05 1.090000000000000000e+02 7.559999999999999609e+00
7.348490000000000000e+05 1.067000000000000028e+02 7.580000000000000071e+00
7.348800000000000000e+05 8.920000000000000284e+01 9.109999999999999432e+00
7.348930000000000000e+05 8.959999999999999432e+01 7.809999999999999609e+00
7.349070000000000000e+05 8.879999999999999716e+01 3.910000000000000142e+00
7.349370000000000000e+05 9.879999999999999716e+01 3.540000000000000036e+00
7.349510000000000000e+05 9.679999999999999716e+01 7.730000000000000426e+00
7.349650000000000000e+05 1.004000000000000057e+02 6.589999999999999858e+00
7.349790000000000000e+05 9.400000000000000000e+01 5.030000000000000249e+00
7.349980000000000000e+05 9.040000000000000568e+01 4.440000000000000391e+00
7.350100000000000000e+05 9.159999999999999432e+01 5.469999999999999751e+00
7.350250000000000000e+05 9.400000000000000000e+01 4.790000000000000036e+00
7.350410000000000000e+05 1.000000000000000000e+02 5.889999999999999680e+00
7.350540000000000000e+05 1.000000000000000000e+02 5.280000000000000249e+00
7.350700000000000000e+05 1.024000000000000057e+02 6.009999999999999787e+00
7.350840000000000000e+05 1.012000000000000028e+02 3.390000000000000124e+00
7.351120000000000000e+05 1.020000000000000000e+02 4.370000000000000107e+00
7.351290000000000000e+05 1.064000000000000057e+02 9.560000000000000497e+00
7.351430000000000000e+05 1.055999999999999943e+02 9.919999999999999929e+00
7.351590000000000000e+05 1.047999999999999972e+02 5.940000000000000391e+00
7.352030000000000000e+05 9.279999999999999716e+01 3.959999999999999964e+00
7.352170000000000000e+05 9.520000000000000284e+01 3.859999999999999876e+00
7.352480000000000000e+05 8.279999999999999716e+01 1.066000000000000014e+01
7.352640000000000000e+05 8.229999999999999716e+01 7.690000000000000391e+00
7.352770000000000000e+05 7.920000000000000284e+01 7.269999999999999574e+00
7.353050000000000000e+05 8.479999999999999716e+01 7.099999999999999645e+00
7.353210000000000000e+05 8.159999999999999432e+01 7.589999999999999858e+00
7.353530000000000000e+05 7.840000000000000568e+01 6.379999999999999893e+00
7.353680000000000000e+05 8.240000000000000568e+01 6.540000000000000036e+00
7.353780000000000000e+05 8.759999999999999432e+01 1.063000000000000078e+01
7.353950000000000000e+05 9.479999999999999716e+01 1.027999999999999936e+01
7.354100000000000000e+05 9.350000000000000000e+01 7.259999999999999787e+00
7.354260000000000000e+05 9.959999999999999432e+01 1.186999999999999922e+01
7.354380000000000000e+05 9.950000000000000000e+01 1.067999999999999972e+01
7.354540000000000000e+05 9.679999999999999716e+01 7.740000000000000213e+00
7.354670000000000000e+05 9.520000000000000284e+01 7.690000000000000391e+00
7.354860000000000000e+05 9.359999999999999432e+01 7.690000000000000391e+00
7.354960000000000000e+05 9.320000000000000284e+01 8.970000000000000639e+00
7.355140000000000000e+05 9.229999999999999716e+01 7.759999999999999787e+00
7.355250000000000000e+05 9.309999999999999432e+01 7.490000000000000213e+00
7.355430000000000000e+05 9.400000000000000000e+01 7.169999999999999929e+00
7.355570000000000000e+05 8.679999999999999716e+01 8.089999999999999858e+00
7.355710000000000000e+05 9.000000000000000000e+01 1.358000000000000007e+01
7.355870000000000000e+05 9.120000000000000284e+01 7.759999999999999787e+00
7.356010000000000000e+05 8.400000000000000000e+01 1.335999999999999943e+01
7.356190000000000000e+05 7.029999999999999716e+01 1.560999999999999943e+01
7.356300000000000000e+05 6.920000000000000284e+01 1.347000000000000064e+01
7.356470000000000000e+05 6.279999999999999716e+01 1.053999999999999915e+01
7.356610000000000000e+05 6.039999999999999858e+01 8.019999999999999574e+00
7.356760000000000000e+05 6.239999999999999858e+01 9.089999999999999858e+00
7.356890000000000000e+05 5.800000000000000000e+01 9.189999999999999503e+00
7.357060000000000000e+05 5.720000000000000284e+01 1.066000000000000014e+01
7.357190000000000000e+05 5.800000000000000000e+01 9.529999999999999361e+00
7.357350000000000000e+05 6.070000000000000284e+01 1.328999999999999915e+01
7.357460000000000000e+05 6.039999999999999858e+01 1.175999999999999979e+01
7.357630000000000000e+05 6.600000000000000000e+01 1.101999999999999957e+01
7.357770000000000000e+05 6.550000000000000000e+01 1.084999999999999964e+01
7.357950000000000000e+05 6.879999999999999716e+01 1.234999999999999964e+01
7.358080000000000000e+05 7.150000000000000000e+01 1.078999999999999915e+01
7.358390000000000000e+05 7.079999999999999716e+01 8.250000000000000000e+00
7.358530000000000000e+05 7.559999999999999432e+01 9.460000000000000853e+00
7.358680000000000000e+05 7.800000000000000000e+01 1.156000000000000050e+01
7.358820000000000000e+05 7.470000000000000284e+01 9.970000000000000639e+00
7.358960000000000000e+05 7.200000000000000000e+01 1.127999999999999936e+01
7.359100000000000000e+05 7.320000000000000284e+01 1.242999999999999972e+01
7.359270000000000000e+05 6.909999999999999432e+01 1.205000000000000071e+01
7.359380000000000000e+05 6.720000000000000284e+01 1.211999999999999922e+01
7.359560000000000000e+05 6.920000000000000284e+01 9.919999999999999929e+00
7.359690000000000000e+05 6.800000000000000000e+01 9.519999999999999574e+00
7.359870000000000000e+05 6.920000000000000284e+01 1.102999999999999936e+01
7.360000000000000000e+05 6.600000000000000000e+01 1.173000000000000043e+01
7.360150000000000000e+05 6.709999999999999432e+01 1.034999999999999964e+01
7.360280000000000000e+05 7.000000000000000000e+01 9.230000000000000426e+00
7.360430000000000000e+05 7.029999999999999716e+01 7.759999999999999787e+00
7.360570000000000000e+05 7.240000000000000568e+01 6.900000000000000355e+00
7.361020000000000000e+05 8.040000000000000568e+01 5.709999999999999964e+00
7.361200000000000000e+05 8.400000000000000000e+01 7.919999999999999929e+00
7.361330000000000000e+05 8.600000000000000000e+01 1.102999999999999936e+01
7.361520000000000000e+05 9.359999999999999432e+01 8.359999999999999432e+00
7.361620000000000000e+05 8.840000000000000568e+01 9.310000000000000497e+00
7.361930000000000000e+05 8.920000000000000284e+01 7.389999999999999680e+00
7.362220000000000000e+05 9.000000000000000000e+01 4.160000000000000142e+00
7.362350000000000000e+05 9.159999999999999432e+01 4.809999999999999609e+00
7.362500000000000000e+05 9.400000000000000000e+01 2.970000000000000195e+00
7.362640000000000000e+05 9.440000000000000568e+01 4.450000000000000178e+00
7.362660000000000000e+05 9.309999999999999432e+01 5.599999999999999645e+00
7.362800000000000000e+05 9.600000000000000000e+01 1.016999999999999993e+01
7.362940000000000000e+05 9.679999999999999716e+01 4.480000000000000426e+00
7.363120000000000000e+05 9.720000000000000284e+01 8.349999999999999645e+00
7.363260000000000000e+05 9.429999999999999716e+01 6.519999999999999574e+00
7.363410000000000000e+05 8.440000000000000568e+01 7.580000000000000071e+00
7.363540000000000000e+05 8.000000000000000000e+01 7.339999999999999858e+00
7.363710000000000000e+05 7.479999999999999716e+01 9.759999999999999787e+00
7.363990000000000000e+05 7.079999999999999716e+01 8.150000000000000355e+00
7.364140000000000000e+05 7.440000000000000568e+01 8.439999999999999503e+00
7.364270000000000000e+05 7.670000000000000284e+01 8.500000000000000000e+00
7.364560000000000000e+05 7.550000000000000000e+01 7.559999999999999609e+00
7.364740000000000000e+05 7.679999999999999716e+01 7.129999999999999893e+00
7.364880000000000000e+05 7.759999999999999432e+01 5.709999999999999964e+00
7.365040000000000000e+05 8.159999999999999432e+01 7.980000000000000426e+00
7.365160000000000000e+05 8.200000000000000000e+01 8.779999999999999361e+00
7.365320000000000000e+05 8.600000000000000000e+01 9.130000000000000782e+00
7.365610000000000000e+05 8.840000000000000568e+01 7.780000000000000249e+00
7.365750000000000000e+05 9.000000000000000000e+01 7.190000000000000391e+00
7.365920000000000000e+05 9.000000000000000000e+01 6.809999999999999609e+00
7.366030000000000000e+05 9.079999999999999716e+01 7.740000000000000213e+00
7.366200000000000000e+05 9.229999999999999716e+01 8.900000000000000355e+00
7.366340000000000000e+05 9.550000000000000000e+01 1.657999999999999829e+01
7.366480000000000000e+05 9.870000000000000284e+01 7.900000000000000355e+00
7.367080000000000000e+05 9.840000000000000568e+01 4.879999999999999893e+00
7.367260000000000000e+05 9.520000000000000284e+01 6.129999999999999893e+00
7.367400000000000000e+05 9.200000000000000000e+01 9.189999999999999503e+00
7.367530000000000000e+05 8.679999999999999716e+01 8.199999999999999289e+00
7.367670000000000000e+05 8.040000000000000568e+01 7.599999999999999645e+00
7.367840000000000000e+05 8.279999999999999716e+01 6.459999999999999964e+00
7.367960000000000000e+05 8.479999999999999716e+01 8.410000000000000142e+00
7.368130000000000000e+05 8.559999999999999432e+01 1.208999999999999986e+01
7.368260000000000000e+05 8.800000000000000000e+01 9.640000000000000568e+00
7.368440000000000000e+05 8.679999999999999716e+01 1.086999999999999922e+01
7.368720000000000000e+05 9.559999999999999432e+01 1.156000000000000050e+01
7.368800000000000000e+05 9.559999999999999432e+01 9.439999999999999503e+00
7.369170000000000000e+05 9.879999999999999716e+01 1.015000000000000036e+01
7.369290000000000000e+05 9.879999999999999716e+01 1.193999999999999950e+01
7.369600000000000000e+05 9.640000000000000568e+01 1.453999999999999915e+01
7.369770000000000000e+05 1.035999999999999943e+02 1.205000000000000071e+01
7.369870000000000000e+05 1.047999999999999972e+02 1.001999999999999957e+01
7.370050000000000000e+05 1.004000000000000057e+02 1.284999999999999964e+01
7.370190000000000000e+05 9.520000000000000284e+01 1.601000000000000156e+01
7.370340000000000000e+05 9.800000000000000000e+01 1.451999999999999957e+01
7.370480000000000000e+05 8.879999999999999716e+01 1.513000000000000078e+01
7.370640000000000000e+05 8.240000000000000568e+01 1.452999999999999936e+01
7.370780000000000000e+05 7.679999999999999716e+01 1.301999999999999957e+01
7.370920000000000000e+05 7.200000000000000000e+01 1.156000000000000050e+01
7.371100000000000000e+05 6.959999999999999432e+01 9.220000000000000639e+00
7.371210000000000000e+05 7.520000000000000284e+01 9.400000000000000355e+00
7.371400000000000000e+05 6.920000000000000284e+01 1.005000000000000071e+01
7.371490000000000000e+05 7.359999999999999432e+01 1.116999999999999993e+01
7.371670000000000000e+05 7.379999999999999716e+01 1.133999999999999986e+01
7.371820000000000000e+05 7.240000000000000568e+01 1.028999999999999915e+01
7.371970000000000000e+05 7.279999999999999716e+01 7.750000000000000000e+00
7.372050000000000000e+05 7.759999999999999432e+01 8.519999999999999574e+00
7.372250000000000000e+05 8.479999999999999716e+01 7.080000000000000071e+00
7.372390000000000000e+05 8.479999999999999716e+01 1.105000000000000071e+01
7.372540000000000000e+05 8.559999999999999432e+01 1.042999999999999972e+01
7.372850000000000000e+05 8.600000000000000000e+01 1.041999999999999993e+01
7.373000000000000000e+05 8.679999999999999716e+01 9.849999999999999645e+00
7.373140000000000000e+05 8.759999999999999432e+01 9.679999999999999716e+00
7.373300000000000000e+05 9.120000000000000284e+01 9.939999999999999503e+00
7.373420000000000000e+05 9.200000000000000000e+01 1.099000000000000021e+01
7.373580000000000000e+05 9.679999999999999716e+01 1.075000000000000000e+01
7.373720000000000000e+05 9.479999999999999716e+01 8.570000000000000284e+00
7.373900000000000000e+05 8.879999999999999716e+01 6.610000000000000320e+00
7.374010000000000000e+05 8.600000000000000000e+01 9.089999999999999858e+00
7.374200000000000000e+05 7.920000000000000284e+01 1.113000000000000078e+01
7.374320000000000000e+05 8.200000000000000000e+01 1.182000000000000028e+01
7.374460000000000000e+05 8.320000000000000284e+01 1.183000000000000007e+01
7.374640000000000000e+05 7.759999999999999432e+01 1.196000000000000085e+01
7.374760000000000000e+05 7.679999999999999716e+01 1.423000000000000043e+01
7.374920000000000000e+05 7.640000000000000568e+01 1.333000000000000007e+01
7.375050000000000000e+05 7.679999999999999716e+01 1.158999999999999986e+01
7.375200000000000000e+05 8.040000000000000568e+01 1.064000000000000057e+01
7.375340000000000000e+05 8.240000000000000568e+01 1.052999999999999936e+01
7.375520000000000000e+05 8.720000000000000284e+01 1.291000000000000014e+01
7.375800000000000000e+05 8.800000000000000000e+01 9.619999999999999218e+00
7.375930000000000000e+05 8.879999999999999716e+01 1.083999999999999986e+01
7.376100000000000000e+05 9.079999999999999716e+01 1.098000000000000043e+01
7.376380000000000000e+05 9.359999999999999432e+01 1.010999999999999943e+01
7.376510000000000000e+05 9.600000000000000000e+01 1.217999999999999972e+01
7.376710000000000000e+05 9.679999999999999716e+01 1.288000000000000078e+01
7.376840000000000000e+05 9.800000000000000000e+01 1.225999999999999979e+01
7.377260000000000000e+05 9.640000000000000568e+01 1.193999999999999950e+01
7.377420000000000000e+05 8.840000000000000568e+01 7.040000000000000036e+00
7.377570000000000000e+05 8.600000000000000000e+01 8.779999999999999361e+00
7.377750000000000000e+05 8.040000000000000568e+01 1.008000000000000007e+01
7.377850000000000000e+05 7.520000000000000284e+01 9.939999999999999503e+00
7.378030000000000000e+05 7.759999999999999432e+01 8.519999999999999574e+00
7.378320000000000000e+05 7.840000000000000568e+01 6.750000000000000000e+00
7.378460000000000000e+05 7.200000000000000000e+01 7.830000000000000071e+00
7.378620000000000000e+05 6.360000000000000142e+01 8.730000000000000426e+00
7.379360000000000000e+05 7.559999999999999432e+01 9.160000000000000142e+00
7.379470000000000000e+05 7.800000000000000000e+01 1.083000000000000007e+01
7.379650000000000000e+05 7.720000000000000284e+01 1.238000000000000078e+01
7.379790000000000000e+05 7.879999999999999716e+01 1.301999999999999957e+01
7.379950000000000000e+05 8.520000000000000284e+01 1.241000000000000014e+01
7.380070000000000000e+05 8.720000000000000284e+01 1.239000000000000057e+01
7.380230000000000000e+05 8.840000000000000568e+01 1.143999999999999950e+01
7.380370000000000000e+05 8.320000000000000284e+01 1.141000000000000014e+01
7.380520000000000000e+05 9.279999999999999716e+01 1.025999999999999979e+01
7.380660000000000000e+05 8.640000000000000568e+01 1.093999999999999950e+01
7.380830000000000000e+05 8.440000000000000568e+01 1.241999999999999993e+01
7.380970000000000000e+05 8.079999999999999716e+01 1.175999999999999979e+01
7.381110000000000000e+05 8.159999999999999432e+01 1.124000000000000021e+01
7.381260000000000000e+05 8.279999999999999716e+01 1.190000000000000036e+01
7.381990000000000000e+05 6.800000000000000000e+01 1.019999999999999929e+01
7.382300000000000000e+05 7.240000000000000568e+01 9.900000000000000355e+00
7.382440000000000000e+05 7.320000000000000284e+01 7.099999999999999645e+00
7.382580000000000000e+05 7.359999999999999432e+01 8.060000000000000497e+00
7.382740000000000000e+05 7.520000000000000284e+01 6.530000000000000249e+00
7.382860000000000000e+05 8.000000000000000000e+01 7.980000000000000426e+00
7.383030000000000000e+05 7.840000000000000568e+01 1.316000000000000014e+01
7.383170000000000000e+05 9.040000000000000568e+01 1.166999999999999993e+01
